record_id,organization_name,site_name_3,champion_first_name,champion_last_name,first_name_1,first_name_2,first_name_3,first_name_4,first_name_5,first_name_6,first_name_7,first_name_8,first_name_9,first_name_10,first_name_11,first_name_12,last_name_1,last_name_2,last_name_3,last_name_4,last_name_5,last_name_6,last_name_7,last_name_8,last_name_9,last_name_10,last_name_11,last_name_12,email_1,email_2,email_3,email_4,email_5,email_6,email_7,email_8,email_9,email_10,email_11,email_12,role_1,role_2,role_3,role_4,role_5,role_6,role_7,role_8,role_9,role_10,role_11,role_12,role_o_1,role_o_2,role_o_3,role_o_4,role_o_5,role_o_6,role_o_7,role_o_8,role_o_9,role_o_10,role_o_11,role_o_12
1,10,988,Aaaaa,Yyyyy,Tttt,Kkkk,Nnnn,Cccc,Ddddd,Stsss,Lllll,Sssss,NA,NA,NA,NA,Nnnn,Wwwww,Hhhhh,Kkkkk,Rrrrrr,Eeeee,Sssss,Cccc,NA,NA,NA,NA,email_1@email.com,email_2@email.com,email_3@email.com,email_4@email.com,email_5@email.com,email_6@email.com,email_7@email.com,email_8@email.com,NA,NA,NA,NA,4,2,2,6,6,2,3,3,NA,NA,NA,NA,NA,NA,NA,NA,NA,NA,NA,NA,NA,NA,NA,NA
2,2,23,Bbbbb,Kkkk,Aaaaa,Lllll,Bbbbb,Ssss,Bbbbb,Yyyyy,Mmmm,Jjjj,NA,NA,NA,NA,Cccc,Sssss,Rrrrr,Mmmmmm,Sssss,Ddddddd,Wwwww,Hhhhh,NA,NA,NA,NA,email_1@email.com,email_2@email.com,email_3@email.com,email_4@email.com,email_5@email.com,email_6@email.com,email_7@email.com,email_8@email.com,NA,NA,NA,NA,1,1,2,2,3,5,6,4,NA,NA,NA,NA,NA,NA,NA,NA,NA,NA,NA,NA,NA,NA,NA,NA
3,3,45,Cccc,Tttt,NA,NA,NA,NA,NA,NA,NA,NA,NA,NA,NA,NA,NA,NA,NA,NA,NA,NA,NA,NA,NA,NA,NA,NA,NA,NA,NA,NA,NA,NA,NA,NA,NA,NA,NA,NA,NA,NA,NA,NA,NA,NA,NA,NA,NA,NA,NA,NA,NA,NA,NA,NA,NA,NA,NA,NA,NA,NA,NA,NA
4,4,65,Ddddd,Stsss,NA,NA,NA,NA,NA,NA,NA,NA,NA,NA,NA,NA,NA,NA,NA,NA,NA,NA,NA,NA,NA,NA,NA,NA,NA,NA,NA,NA,NA,NA,NA,NA,NA,NA,NA,NA,NA,NA,NA,NA,NA,NA,NA,NA,NA,NA,NA,NA,NA,NA,NA,NA,NA,NA,NA,NA,NA,NA,NA,NA
5,7,345,NA,NA,NA,NA,NA,NA,NA,NA,NA,NA,NA,NA,NA,NA,NA,NA,NA,NA,NA,NA,NA,NA,NA,NA,NA,NA,NA,NA,NA,NA,NA,NA,NA,NA,NA,NA,NA,NA,NA,NA,NA,NA,NA,NA,NA,NA,NA,NA,NA,NA,NA,NA,NA,NA,NA,NA,NA,NA,NA,NA,NA,NA
